rt,maxRT_t,maxRT_ab,maxRT_base,x_start_t,x_start_ab,x_start_base,diff_start,x_end_t,x_end_ab,x_end_base,diff_end,width,half_width
1.12,1.12,15331592.0,27567.865,0.99,27691.0,27455.306,0.13,1.577,27135.0,26511.638,0.457,0.587,0.08600000000000008
1.12,1.12,15368315.0,97378.364,0.993,31147.0,30786.769,0.127,1.287,184470.0,77013.537,0.167,0.294,0.08600000000000008
1.12,1.127,1164679.0,25778.417,0.777,29581.0,29518.333,0.35,1.803,18434.0,18436.918,0.676,1.026,0.08699999999999997
1.12,1.113,32664510.0,208836.714,0.99,24395.0,23763.049,0.123,1.277,454759.0,165394.666,0.164,0.287,0.08699999999999997
1.12,1.107,52133804.0,348442.686,0.99,34332.0,34275.511,0.117,1.273,794104.0,268889.751,0.166,0.283,0.08699999999999997
1.12,1.113,31581292.0,210572.143,0.99,33966.0,32246.618,0.123,1.277,446047.0,162092.572,0.164,0.287,0.08699999999999997
1.12,1.093,7322748.0,85567.181,1.01,35168.0,35008.511,0.083,1.22,162684.0,54225.745,0.127,0.21,0.05999999999999983
1.12,1.093,13263067.0,139383.739,1.01,25118.0,24198.14,0.083,1.217,310094.0,88620.457,0.124,0.207,0.06299999999999994
1.12,1.093,8025085.0,79535.728,1.01,27160.0,27098.314,0.083,1.223,161570.0,56486.244,0.13,0.213,0.05999999999999983
1.12,1.13,148499.0,22358.703,0.777,22518.0,22568.333,0.353,1.803,22055.0,22061.329,0.673,1.026,0.10299999999999998
1.12,1.127,167971.0,23252.936,0.777,23737.0,23804.333,0.35,1.803,22318.0,22309.37,0.676,1.026,0.10400000000000009
1.12,1.127,128408.0,21930.46,0.777,22027.0,22019.0,0.35,1.803,21744.0,21760.068,0.676,1.026,0.10400000000000009
1.12,1.13,162578.0,22231.207,0.777,22492.0,22495.667,0.353,1.803,21734.0,21733.589,0.673,1.026,0.10000000000000009
1.12,1.127,318478.0,21855.127,0.777,21835.0,21838.0,0.35,1.803,21894.0,21891.411,0.676,1.026,0.09299999999999997
1.12,1.123,4825217.0,22097.51,0.777,22145.0,22166.667,0.346,1.797,22005.0,22039.984,0.674,1.02,0.08600000000000008
1.12,1.123,666233.0,22397.986,0.777,22601.0,22632.667,0.346,1.803,21999.0,22011.986,0.68,1.026,0.09000000000000008
1.12,1.12,10272216.0,26943.466,0.987,22495.0,22288.339,0.133,1.403,36409.0,31750.792,0.283,0.416,0.08600000000000008
1.12,1.127,123993.0,21850.778,0.777,21948.0,21952.333,0.35,1.803,21663.0,21658.397,0.676,1.026,0.10299999999999998
1.12,1.127,27258.0,22027.649,0.777,22218.0,22209.0,0.35,1.803,21660.0,21668.342,0.676,1.026,0.967
1.12,1.123,516800.0,22759.778,0.777,23471.0,23508.0,0.346,1.803,21362.0,21356.247,0.68,1.026,0.09000000000000008
1.12,1.123,4608146.0,21996.213,0.787,21939.0,21941.476,0.336,1.803,22112.0,22135.096,0.68,1.016,0.08600000000000008
1.12,1.127,166737.0,22911.318,0.777,23586.0,23656.667,0.35,1.8,21614.0,21622.857,0.673,1.023,0.10000000000000009
1.12,1.127,158217.0,22807.253,0.777,23292.0,23289.667,0.35,1.803,21871.0,21858.26,0.676,1.026,0.10000000000000009
1.12,1.127,152827.0,22583.682,0.777,22758.0,22795.667,0.35,1.803,22247.0,22247.164,0.676,1.026,0.10400000000000009
1.12,1.12,27074.0,22646.603,0.777,22554.0,22601.0,0.343,1.803,22831.0,22832.233,0.683,1.026,0.83
1.12,1.103,53839444.0,369891.571,0.99,22578.0,21955.66,0.113,1.263,861663.0,282699.877,0.16,0.273,0.08299999999999996
1.12,1.11,29821836.0,191874.0,0.99,36474.0,36404.001,0.12,1.27,399074.0,144396.646,0.16,0.28,0.08000000000000007
1.12,1.117,17366804.0,134046.25,0.99,29684.0,27931.33,0.127,1.27,259774.0,99346.091,0.153,0.28,0.08400000000000007
1.12,1.123,3143423.0,22769.065,0.777,22939.0,22969.0,0.346,1.793,22440.0,22473.925,0.67,1.016,0.08600000000000008
1.12,1.117,22833452.0,141462.507,0.987,32082.0,32136.774,0.13,1.283,281133.0,112324.931,0.166,0.296,0.08699999999999997
1.12,1.13,109599.0,23063.709,0.777,23287.0,23261.667,0.353,1.803,22638.0,22632.74,0.673,1.026,0.1160000000000001
1.12,1.13,159033.0,22893.904,0.777,23143.0,23124.333,0.353,1.803,22419.0,22429.192,0.673,1.026,0.10699999999999998
1.12,1.12,811100.0,21810.249,0.777,22068.0,22087.667,0.343,1.803,21297.0,21305.178,0.683,1.026,0.08000000000000007
1.12,1.127,178464.0,24096.912,0.777,25457.0,25501.667,0.35,1.803,21470.0,21461.658,0.676,1.026,0.10000000000000009
1.12,1.12,860192.0,21673.201,0.777,21833.0,21839.0,0.343,1.803,21355.0,21363.014,0.683,1.026,0.07699999999999996
1.12,1.09,12107404.0,118291.807,1.01,24332.0,24080.741,0.08,1.217,267453.0,79982.547,0.127,0.207,0.06000000000000005
1.12,1.093,7888651.0,73272.399,1.01,23744.0,23402.316,0.083,1.223,150847.0,54372.385,0.13,0.213,0.06299999999999994
1.12,1.093,6141715.0,35497.684,1.01,24854.0,24806.052,0.083,1.263,57298.0,34613.514,0.17,0.253,0.05999999999999983
1.12,1.137,50962.0,23904.877,0.777,24854.0,24823.667,0.36,1.803,22149.0,22170.411,0.666,1.026,0.19700000000000006
1.12,1.13,170061.0,22783.786,0.777,23026.0,23069.333,0.353,1.803,22322.0,22316.534,0.673,1.026,0.10000000000000009
1.12,1.13,165685.0,23528.719,0.777,23987.0,24114.0,0.353,1.803,22655.0,22652.452,0.673,1.026,0.10299999999999998
1.12,1.13,166823.0,22283.153,0.777,22428.0,22458.667,0.353,1.803,22007.0,21995.658,0.673,1.026,0.10000000000000009
1.12,1.117,19076332.0,104842.053,0.987,22634.0,22555.063,0.13,1.29,214242.0,92014.02,0.173,0.303,0.09000000000000008
1.12,1.127,62909.0,22586.341,0.777,22761.0,22777.333,0.35,1.803,22249.0,22250.767,0.676,1.026,0.14300000000000002
1.12,1.127,183738.0,23368.624,0.777,23983.0,24017.667,0.35,1.803,22182.0,22193.959,0.676,1.026,0.09600000000000009
1.12,1.12,19616168.0,110897.477,0.993,23052.0,22797.302,0.127,1.293,230561.0,97107.923,0.173,0.3,0.09000000000000008
1.12,1.13,163948.0,22434.973,0.777,22607.0,22553.0,0.353,1.803,22107.0,22105.89,0.673,1.026,0.10299999999999998
1.12,1.13,157708.0,21643.385,0.777,21738.0,21760.667,0.353,1.803,21463.0,21467.808,0.673,1.026,0.10400000000000009
1.12,1.113,20330602.0,135962.244,0.987,21605.0,21361.597,0.126,1.27,278455.0,104907.664,0.157,0.283,0.08400000000000007
1.12,1.093,80906944.0,565429.696,0.99,25036.0,23588.637,0.103,1.26,1441602.0,447235.804,0.167,0.27,0.08400000000000007
1.12,1.093,80580440.0,602643.556,0.99,41511.0,40383.536,0.103,1.26,1512441.0,451193.384,0.167,0.27,0.08699999999999997
1.12,1.093,79974504.0,599069.918,0.993,66604.0,64475.362,0.1,1.26,1488288.0,443911.505,0.167,0.267,0.08699999999999997
1.12,1.16,201010.0,20003.88,0.777,19239.0,19310.0,0.383,1.803,21288.0,21282.575,0.643,1.026,0.1200000000000001
1.12,1.097,73920768.0,527548.615,0.99,29941.0,27951.019,0.107,1.263,1299538.0,410026.874,0.166,0.273,0.08699999999999997
1.12,1.113,21620396.0,138654.548,0.99,36515.0,33641.708,0.123,1.273,271519.0,103866.18,0.16,0.283,0.08400000000000007
1.12,1.123,3450055.0,32820.113,0.79,44055.0,44071.786,0.333,1.803,9878.0,9875.247,0.68,1.013,0.08600000000000008
1.12,1.123,4517262.0,22000.239,0.797,22081.0,22094.177,0.326,1.79,21835.0,21877.083,0.667,0.993,0.09000000000000008
1.12,1.13,161811.0,21631.117,0.777,21852.0,21914.333,0.353,1.803,21210.0,21211.274,0.673,1.026,0.10400000000000009
1.12,1.103,52060552.0,344431.073,0.99,24627.0,23795.724,0.113,1.263,797251.0,263272.743,0.16,0.273,0.08299999999999996
1.12,1.117,18811878.0,102148.904,0.987,29566.0,28341.572,0.13,1.29,198740.0,86196.296,0.173,0.303,0.09000000000000008
1.12,1.097,73698592.0,517647.78,0.99,32752.0,31890.782,0.107,1.263,1269916.0,396990.493,0.166,0.273,0.08699999999999997
1.12,1.093,83381064.0,630808.085,0.99,54290.0,53267.266,0.103,1.26,1565551.0,468929.511,0.167,0.27,0.08400000000000007
1.12,1.09,8552295.0,107719.172,1.01,62464.0,62085.32,0.08,1.213,177299.0,42912.763,0.123,0.203,0.06000000000000005
1.12,1.09,9577117.0,90671.174,1.01,29259.0,26718.975,0.08,1.217,188163.0,60050.079,0.127,0.207,0.06400000000000006
1.12,1.09,7077411.0,83148.768,1.01,33280.0,33382.693,0.08,1.213,159822.0,52872.942,0.123,0.203,0.06000000000000005
1.12,1.123,177020.0,21576.903,0.777,21643.0,21646.667,0.346,1.803,21447.0,21453.74,0.68,1.026,0.09999999999999987
1.12,1.127,170891.0,23978.632,0.777,25876.0,25916.333,0.35,1.803,20314.0,20305.822,0.676,1.026,0.10299999999999998
1.12,1.127,156641.0,21124.113,0.777,21090.0,21124.667,0.35,1.803,21190.0,21183.466,0.676,1.026,0.10000000000000009
1.12,1.127,32719.0,21335.789,0.777,21345.0,21354.0,0.35,1.803,21318.0,21315.863,0.676,1.026,1.033
1.12,1.127,144986.0,21067.692,0.777,21052.0,21122.667,0.35,1.803,21098.0,21098.288,0.676,1.026,0.10400000000000009
1.12,1.113,25213944.0,164205.693,0.99,21148.0,20906.941,0.123,1.273,350297.0,128648.871,0.16,0.283,0.08400000000000007
1.12,1.127,539935.0,22125.006,0.777,22081.0,22089.0,0.35,1.803,22210.0,22209.055,0.676,1.026,0.09299999999999997
1.12,1.127,3019978.0,22676.693,0.82,22583.0,22642.487,0.307,1.803,22883.0,22860.521,0.676,0.983,0.08999999999999986
1.12,1.127,101689.0,22345.269,0.777,22421.0,22446.333,0.35,1.803,22199.0,22206.397,0.676,1.026,0.1100000000000001
1.12,1.127,3036874.0,22799.685,0.8,22637.0,22660.765,0.327,1.803,23136.0,23127.945,0.676,1.003,0.08999999999999986
1.12,1.107,55637640.0,371381.859,0.99,23810.0,23120.507,0.117,1.273,864518.0,292699.044,0.166,0.283,0.09000000000000008
1.12,1.113,21330960.0,154854.889,0.99,30975.0,29135.909,0.123,1.27,312978.0,116590.037,0.157,0.28,0.08000000000000007
1.12,1.123,4865832.0,23087.134,0.777,23124.0,23193.0,0.346,1.8,23015.0,23008.066,0.677,1.023,0.08699999999999997
1.12,1.13,156489.0,23350.695,0.777,23660.0,23671.667,0.353,1.803,22761.0,22779.082,0.673,1.026,0.10699999999999998
1.12,1.11,38849708.0,273124.857,0.99,26986.0,26463.28,0.12,1.27,601310.0,204385.689,0.16,0.28,0.08699999999999997
1.12,1.103,50630312.0,351658.675,0.99,29574.0,27955.236,0.113,1.267,819109.0,272198.424,0.164,0.277,0.08299999999999996
1.12,1.123,4154644.0,27413.79,0.777,29547.0,29666.333,0.346,1.787,23320.0,23301.986,0.664,1.01,0.09000000000000008
1.12,1.107,48268988.0,364312.0,0.993,40894.0,39898.679,0.114,1.267,818232.0,264356.334,0.16,0.274,0.08699999999999997
1.12,1.107,49772920.0,377513.241,0.993,50498.0,49384.546,0.114,1.267,836482.0,267522.37,0.16,0.274,0.08699999999999997
1.12,1.107,51506896.0,343655.021,0.99,29912.0,28372.313,0.117,1.27,780750.0,266226.926,0.163,0.28,0.08299999999999996
1.12,1.107,52338128.0,402074.78,0.99,52064.0,51548.103,0.117,1.267,880722.0,280385.799,0.16,0.277,0.08299999999999996
1.12,1.093,6991288.0,86843.057,1.01,45464.0,45329.789,0.083,1.22,150158.0,50443.774,0.127,0.21,0.06299999999999994
1.12,1.09,14108064.0,118870.221,1.01,28729.0,26978.2,0.08,1.223,268730.0,82888.739,0.133,0.213,0.06299999999999994
1.12,1.093,9337160.0,109159.319,1.01,32584.0,32724.26,0.083,1.217,223561.0,69712.542,0.124,0.207,0.06299999999999994
1.12,1.093,11195209.0,124394.995,1.01,28283.0,28023.631,0.083,1.217,267984.0,79684.393,0.124,0.207,0.06299999999999994
1.12,1.137,80262.0,26616.86,0.777,29613.0,29652.0,0.36,1.803,21074.0,21085.014,0.666,1.026,0.13000000000000012
1.12,1.127,176901.0,23018.333,0.777,23135.0,23198.0,0.35,1.803,22793.0,22783.178,0.676,1.026,0.10400000000000009
1.12,1.13,166789.0,24492.668,0.777,25680.0,25776.333,0.353,1.803,22229.0,22232.082,0.673,1.026,0.10299999999999998
1.12,1.127,168565.0,22442.072,0.777,22541.0,22540.333,0.35,1.803,22251.0,22250.26,0.676,1.026,0.10000000000000009
1.12,1.123,24110.0,22626.255,0.777,22633.0,22657.0,0.346,1.803,22613.0,22609.26,0.68,1.026,0.6970000000000001
1.12,1.127,39105.0,22533.542,0.777,22539.0,22537.333,0.35,1.803,22523.0,22533.89,0.676,1.026,1.017
1.12,1.127,59619.0,22506.92,0.777,22525.0,22515.667,0.35,1.803,22472.0,22475.164,0.676,1.026,0.14000000000000012
1.12,1.123,8013328.0,22769.356,0.793,22556.0,22655.798,0.33,1.803,23209.0,23193.137,0.68,1.01,0.08699999999999997
1.12,1.123,169052.0,23022.283,0.777,23315.0,23339.333,0.346,1.803,22447.0,22449.384,0.68,1.026,0.09699999999999998
1.12,1.123,7838250.0,22850.586,0.983,22648.0,22558.021,0.14,1.71,23700.0,23607.269,0.587,0.727,0.08699999999999997
1.12,1.127,80513.0,22682.997,0.78,22741.0,22741.108,0.347,1.803,22570.0,22572.055,0.676,1.023,0.1200000000000001
1.12,1.13,63497.0,22662.292,0.777,22685.0,22700.0,0.353,1.803,22619.0,22622.904,0.673,1.026,0.137
1.12,1.13,161270.0,23310.468,0.777,23841.0,23897.667,0.353,1.803,22299.0,22305.123,0.673,1.026,0.10299999999999998
1.12,1.127,171505.0,21809.499,0.777,21846.0,21818.667,0.35,1.803,21739.0,21748.493,0.676,1.026,0.10000000000000009
1.12,1.12,4510640.0,22174.589,0.863,22025.0,22061.588,0.257,1.777,22557.0,22612.824,0.657,0.914,0.08600000000000008
1.12,1.127,739251.0,22141.745,0.777,22080.0,22112.667,0.35,1.803,22261.0,22275.384,0.676,1.026,0.09000000000000008
1.12,1.127,333318.0,22242.517,0.777,22322.0,22386.667,0.35,1.803,22089.0,22076.014,0.676,1.026,0.09299999999999997
1.12,1.127,41442.0,21967.244,0.777,21942.0,21959.667,0.35,1.803,22016.0,22013.534,0.676,1.026,1.04
1.12,1.127,197185.0,22327.164,0.777,22320.0,22281.0,0.35,1.803,22341.0,22358.63,0.676,1.026,0.09600000000000009
1.12,1.127,326867.0,22015.928,0.777,22092.0,22139.333,0.35,1.803,21869.0,21865.836,0.676,1.026,0.09299999999999997
1.12,1.123,5694536.0,22349.411,0.8,22003.0,21972.721,0.323,1.683,22950.0,22854.696,0.56,0.883,0.08600000000000008
1.12,1.127,5190692.0,22385.714,0.78,22272.0,22288.432,0.347,1.787,22602.0,22631.766,0.66,1.007,0.08999999999999986
1.12,1.13,169907.0,23315.571,0.777,24506.0,24451.667,0.353,1.803,21046.0,21045.219,0.673,1.026,0.10000000000000009
1.12,1.127,162234.0,21358.29,0.777,21506.0,21527.667,0.35,1.803,21073.0,21059.562,0.676,1.026,0.10000000000000009
1.12,1.123,100052.0,21514.747,0.777,21479.0,21463.0,0.346,1.803,21585.0,21579.986,0.68,1.026,0.1100000000000001
1.12,1.123,318355.0,21285.197,0.777,21297.0,21260.667,0.346,1.803,21262.0,21255.548,0.68,1.026,0.09000000000000008
1.12,1.12,154984.0,20990.681,0.777,21100.0,21108.333,0.343,1.803,20773.0,20776.699,0.683,1.026,0.09000000000000008
1.12,1.12,184449.0,20752.315,0.777,20873.0,20867.333,0.343,1.803,20512.0,20510.644,0.683,1.026,0.09000000000000008
1.12,1.123,243479.0,21549.084,0.777,21513.0,21552.0,0.346,1.803,21620.0,21625.466,0.68,1.026,0.09699999999999998
1.12,1.12,189603.0,20714.086,0.777,20799.0,20765.667,0.343,1.803,20545.0,20551.123,0.683,1.026,0.08299999999999996
1.12,1.123,182997.0,20989.374,0.777,21130.0,21151.333,0.346,1.803,20713.0,20709.384,0.68,1.026,0.08600000000000008
1.12,1.13,154334.0,21823.459,0.777,21905.0,21954.0,0.353,1.803,21668.0,21676.342,0.673,1.026,0.10000000000000009
1.12,1.123,167481.0,21738.107,0.777,21700.0,21731.333,0.346,1.803,21813.0,21804.534,0.68,1.026,0.09999999999999987
1.12,1.127,22850.0,21828.731,0.777,21928.0,22032.0,0.35,1.803,21637.0,21630.753,0.676,1.026,0.65
1.12,1.127,161216.0,21751.875,0.777,21874.0,21812.0,0.35,1.803,21516.0,21524.548,0.676,1.026,0.10400000000000009
1.12,1.127,138601.0,22094.663,0.777,22124.0,22089.667,0.35,1.803,22038.0,22036.233,0.676,1.026,0.10400000000000009
1.12,1.123,163729.0,22334.667,0.777,22277.0,22226.667,0.346,1.803,22448.0,22432.795,0.68,1.026,0.10299999999999998
1.12,1.097,68954680.0,389010.823,0.987,22361.0,21779.919,0.11,1.27,965651.0,324949.435,0.173,0.283,0.08699999999999997
1.12,1.11,45047308.0,241691.983,0.99,31907.0,29997.132,0.12,1.283,544132.0,203981.42,0.173,0.293,0.08999999999999986
1.12,1.12,21397134.0,145541.987,0.99,45600.0,45973.698,0.13,1.287,273929.0,109193.294,0.167,0.297,0.09000000000000008
1.12,1.093,86656400.0,611565.17,0.99,32475.0,29917.425,0.103,1.267,1589834.0,500498.477,0.174,0.277,0.08999999999999986
1.12,1.103,61146964.0,451128.671,0.99,42291.0,38762.239,0.113,1.267,1044486.0,335418.101,0.164,0.277,0.08600000000000008
1.12,1.097,80487288.0,536195.375,0.99,62109.0,62477.072,0.107,1.273,1316001.0,437806.641,0.176,0.283,0.09000000000000008
1.12,1.093,90291488.0,578958.731,0.99,49019.0,44789.027,0.103,1.273,1505067.0,494228.265,0.18,0.283,0.09299999999999997
1.12,1.093,91709512.0,642397.732,0.99,51518.0,46200.942,0.103,1.27,1657793.0,527189.973,0.177,0.28,0.09299999999999997
1.12,1.09,99672936.0,703487.786,0.99,83691.0,84573.659,0.1,1.27,1819122.0,582151.339,0.18,0.28,0.08999999999999986
1.12,1.13,589464.0,23675.951,0.777,24790.0,24841.0,0.353,1.803,21552.0,21554.712,0.673,1.026,0.10000000000000009
1.12,1.13,185507.0,22231.507,0.777,22718.0,22731.667,0.353,1.803,21304.0,21310.329,0.673,1.026,0.10699999999999998
1.12,1.093,87105360.0,561810.225,0.99,29653.0,27346.685,0.103,1.27,1476294.0,473762.225,0.177,0.28,0.08999999999999986
1.12,1.127,179382.0,22241.651,0.777,22534.0,22569.333,0.35,1.803,21677.0,21688.055,0.676,1.026,0.10000000000000009
1.12,1.13,172220.0,26023.82,0.777,28875.0,28908.667,0.353,1.803,20588.0,20593.26,0.673,1.026,0.10400000000000009
1.12,1.117,15365528.0,115284.014,0.99,23004.0,22593.358,0.127,1.27,226456.0,87690.602,0.153,0.28,0.08000000000000007
1.12,1.117,15436499.0,107168.922,0.99,23992.0,23218.522,0.127,1.273,209339.0,84085.72,0.156,0.283,0.08000000000000007
1.12,1.117,19473652.0,115608.119,0.99,31587.0,31335.279,0.127,1.283,225431.0,90997.118,0.166,0.293,0.08299999999999996
1.12,1.117,16881768.0,127063.754,0.99,26365.0,25281.164,0.127,1.27,248378.0,94382.436,0.153,0.28,0.08000000000000007
1.12,1.093,91757480.0,654403.57,0.99,32542.0,32055.397,0.103,1.267,1704927.0,531560.42,0.174,0.277,0.08999999999999986
1.12,1.09,8550965.0,129136.0,1.01,67998.0,67973.621,0.08,1.21,220843.0,58957.088,0.12,0.2,0.06000000000000005
1.12,1.09,5643524.0,67055.025,1.01,29310.0,27132.121,0.08,1.213,125088.0,46098.514,0.123,0.203,0.06000000000000005
1.12,1.093,2853651.0,28215.911,0.937,29979.0,29996.451,0.156,1.53,23277.0,23292.856,0.437,0.593,0.06000000000000005
1.12,1.09,10185465.0,99026.981,1.01,28375.0,28107.819,0.08,1.217,211187.0,65951.171,0.127,0.207,0.06000000000000005
1.12,1.09,7472059.0,86193.468,1.01,26158.0,25712.85,0.08,1.213,178498.0,57346.366,0.123,0.203,0.06000000000000005
1.12,1.133,283052.0,25209.193,0.777,27442.0,27531.0,0.356,1.803,21007.0,20999.644,0.67,1.026,0.09999999999999987
1.12,1.16,44737.0,19708.726,0.777,18363.0,18439.667,0.383,1.803,21968.0,21967.63,0.643,1.026,0.486
1.12,1.127,172576.0,22441.591,0.777,22722.0,22767.0,0.35,1.803,21900.0,21911.014,0.676,1.026,0.10400000000000009
1.12,1.127,171684.0,22955.288,0.777,23526.0,23532.0,0.35,1.803,21853.0,21853.904,0.676,1.026,0.10400000000000009
1.12,1.09,9763213.0,107297.35,1.01,23654.0,23520.327,0.08,1.213,235899.0,69708.116,0.123,0.203,0.06000000000000005
1.12,1.09,11454739.0,118229.374,1.01,23081.0,22801.929,0.08,1.213,264520.0,76148.566,0.123,0.203,0.06400000000000006
1.12,1.09,12569772.0,114035.888,1.013,24078.0,23836.67,0.077,1.21,254230.0,74636.399,0.12,0.197,0.05600000000000005
1.12,1.09,12790851.0,137686.0,1.01,23792.0,23520.077,0.08,1.21,308527.0,85792.977,0.12,0.2,0.06400000000000006
1.12,1.09,10674754.0,118628.6,1.01,23949.0,23820.042,0.08,1.21,260648.0,74992.954,0.12,0.2,0.06000000000000005
1.12,1.143,570246.0,22877.959,0.777,23697.0,23786.0,0.366,1.803,21401.0,21419.699,0.66,1.026,0.09699999999999998
1.12,1.163,67113.0,18952.632,0.777,17368.0,17475.667,0.386,1.803,21580.0,21586.658,0.64,1.026,0.137
1.12,1.127,187326.0,22186.267,0.777,22335.0,22360.667,0.35,1.803,21899.0,21897.849,0.676,1.026,0.10000000000000009
1.12,1.127,177307.0,22577.723,0.777,22969.0,22996.667,0.35,1.803,21822.0,21825.082,0.676,1.026,0.10400000000000009
1.12,1.123,147096.0,20735.61,0.777,20827.0,20820.0,0.346,1.803,20556.0,20561.178,0.68,1.026,0.10299999999999998
1.12,1.153,249026.0,19349.634,0.777,18034.0,18130.333,0.376,1.803,21624.0,21633.534,0.65,1.026,0.09999999999999987
1.12,1.117,3671668.0,20496.787,0.777,20466.0,20458.667,0.34,1.793,20558.0,20551.443,0.676,1.016,0.08000000000000007
1.12,1.117,4425593.0,20950.347,0.89,21184.0,21174.359,0.227,1.743,20306.0,20286.409,0.626,0.853,0.08000000000000007
1.12,1.117,4474591.0,21758.041,0.787,22610.0,22626.667,0.33,1.803,19987.0,19978.411,0.686,1.016,0.08000000000000007
1.12,1.117,6742494.0,22381.63,0.987,22826.0,22773.419,0.13,1.733,20276.0,20426.753,0.616,0.746,0.08000000000000007
1.12,1.117,7466974.0,49987.547,0.987,23504.0,23400.248,0.13,1.283,83805.0,42526.185,0.166,0.296,0.08000000000000007
1.12,1.117,7437702.0,53375.939,0.983,24704.0,24663.102,0.134,1.28,88253.0,43251.301,0.163,0.297,0.08000000000000007
1.12,1.157,65821.0,20802.667,0.777,21326.0,21436.667,0.38,1.803,19913.0,19930.425,0.646,1.026,0.137
1.12,1.12,24849.0,20277.109,0.777,20354.0,20373.667,0.343,1.803,20124.0,20125.274,0.683,1.026,0.9839999999999999
1.12,1.12,24083.0,20985.861,0.777,21148.0,21183.667,0.343,1.803,20663.0,20671.014,0.683,1.026,0.9829999999999999
1.12,1.12,22809.0,20692.4,0.777,20784.0,20871.667,0.343,1.803,20510.0,20507.0,0.683,1.026,0.544
1.12,1.123,29026.0,20898.686,0.777,20897.0,20858.667,0.346,1.803,20902.0,20914.041,0.68,1.026,0.8600000000000001
1.12,1.113,22623684.0,132792.917,0.987,20722.0,20529.596,0.126,1.277,278663.0,108046.456,0.164,0.29,0.08400000000000007
1.12,1.123,238121.0,21011.343,0.777,21097.0,21164.0,0.346,1.803,20843.0,20854.055,0.68,1.026,0.09400000000000008
1.12,1.15,35586.0,19654.932,0.777,19002.0,19068.667,0.373,1.803,20798.0,20792.411,0.653,1.026,1.04
1.12,1.127,164636.0,21026.076,0.777,20979.0,21012.333,0.35,1.803,21117.0,21113.63,0.676,1.026,0.10000000000000009
1.12,1.127,167474.0,22046.996,0.777,22893.0,22970.0,0.35,1.803,20413.0,20419.37,0.676,1.026,0.09600000000000009
1.12,1.157,23575.0,19153.889,0.777,17665.0,17769.333,0.38,1.803,21685.0,21704.808,0.646,1.026,1.043
1.12,1.127,162027.0,21448.774,0.777,21517.0,21526.0,0.35,1.803,21317.0,21315.192,0.676,1.026,0.10000000000000009
1.12,1.13,23075.0,21187.582,0.777,21201.0,21231.0,0.353,1.803,21162.0,21152.959,0.673,1.026,0.563
1.12,1.103,147370.0,22215.314,0.777,22310.0,22352.333,0.326,1.803,22012.0,22022.274,0.7,1.026,0.07400000000000007
1.12,1.127,155920.0,21574.981,0.777,21605.0,21698.667,0.35,1.803,21517.0,21518.521,0.676,1.026,0.10000000000000009
1.12,1.157,200838.0,19288.444,0.777,17984.0,18083.0,0.38,1.803,21506.0,21517.63,0.646,1.026,0.10000000000000009
1.12,1.143,30026.0,20902.427,0.777,20535.0,20595.0,0.366,1.803,21565.0,21575.274,0.66,1.026,0.873
1.12,1.127,98692.0,21566.45,0.777,21678.0,21722.0,0.35,1.803,21351.0,21354.534,0.676,1.026,0.10999999999999988
1.12,1.133,137671.0,21623.981,0.777,21438.0,21457.333,0.356,1.803,21974.0,21972.151,0.67,1.026,0.10299999999999998
1.12,1.127,159942.0,21787.906,0.777,21792.0,21813.333,0.35,1.803,21780.0,21778.603,0.676,1.026,0.10000000000000009
1.12,1.123,29262.0,21350.097,0.777,21284.0,21254.333,0.346,1.803,21480.0,21474.699,0.68,1.026,0.7
1.12,1.147,177096.0,20537.135,0.777,20020.0,20085.0,0.37,1.803,21454.0,21458.479,0.656,1.026,0.10299999999999998
1.12,1.113,23931152.0,149346.143,0.99,21382.0,21083.623,0.123,1.277,319965.0,120433.01,0.164,0.287,0.08699999999999997
1.12,1.13,253252.0,21457.325,0.777,21479.0,21537.667,0.353,1.803,21416.0,21402.932,0.673,1.026,0.09699999999999998
1.12,1.113,24119122.0,122244.18,0.987,23049.0,22545.399,0.126,1.287,259228.0,107426.285,0.174,0.3,0.08699999999999997
1.12,1.16,180132.0,25882.767,0.777,30291.0,30357.0,0.383,1.803,18482.0,18478.507,0.643,1.026,0.10999999999999988
1.12,1.127,179565.0,21797.867,0.777,21862.0,21872.0,0.35,1.803,21674.0,21690.315,0.676,1.026,0.10000000000000009
1.12,1.13,168917.0,24562.775,0.777,26335.0,26341.0,0.353,1.803,21184.0,21182.808,0.673,1.026,0.10400000000000009
1.12,1.127,165266.0,21740.302,0.777,21800.0,21826.333,0.35,1.803,21625.0,21599.315,0.676,1.026,0.10000000000000009
1.12,1.1,2329727.0,22993.073,0.993,22976.0,22882.018,0.107,1.72,23092.0,23129.88,0.62,0.727,0.06299999999999994
1.12,1.117,19866968.0,115076.7,0.987,22635.0,22553.805,0.13,1.287,235962.0,97861.647,0.17,0.3,0.09000000000000008
1.12,1.093,4669579.0,54744.609,1.007,28988.0,28913.131,0.086,1.227,94877.0,38523.239,0.134,0.22,0.06299999999999994
1.12,1.133,129392.0,24824.784,0.777,26712.0,26728.0,0.356,1.803,21273.0,21273.0,0.67,1.026,0.1060000000000001
1.12,1.123,4454848.0,28428.873,1.017,25686.0,25613.432,0.106,1.34,34044.0,27841.06,0.217,0.323,0.07000000000000006
1.12,1.137,38785.0,22487.991,0.78,22808.0,22804.784,0.357,1.803,21891.0,21884.014,0.666,1.023,0.9770000000000001
1.12,1.13,160873.0,22459.481,0.777,22551.0,22580.667,0.353,1.803,22285.0,22285.247,0.673,1.026,0.10000000000000009
1.12,1.123,2630097.0,23167.45,0.777,23215.0,23201.333,0.346,1.803,23074.0,23080.575,0.68,1.026,0.08600000000000008
1.12,1.123,198295.0,22864.604,0.777,22870.0,22846.333,0.346,1.803,22854.0,22854.247,0.68,1.026,0.09299999999999997
1.12,1.13,156247.0,22852.854,0.777,22665.0,22692.0,0.353,1.803,23211.0,23201.466,0.673,1.026,0.10299999999999998
1.12,1.097,682233.0,23776.053,0.777,23835.0,23858.333,0.32,1.803,23646.0,23657.507,0.706,1.026,0.06299999999999994
1.12,1.097,313450.0,23458.251,0.777,23491.0,23500.0,0.32,1.803,23386.0,23400.178,0.706,1.026,0.06299999999999994
1.12,1.127,164066.0,22929.795,0.777,22895.0,22910.0,0.35,1.803,22997.0,22990.014,0.676,1.026,0.10000000000000009
1.12,1.093,694762.0,23708.327,0.777,23688.0,23672.0,0.316,1.803,23754.0,23752.767,0.71,1.026,0.05999999999999983
1.12,1.137,157578.0,23121.877,0.777,23031.0,23125.0,0.36,1.803,23290.0,23292.014,0.666,1.026,0.10299999999999998
1.12,1.127,166654.0,22753.072,0.777,22677.0,22639.667,0.35,1.803,22900.0,22908.507,0.676,1.026,0.10000000000000009
1.12,1.127,152188.0,22185.885,0.777,22118.0,22143.333,0.35,1.803,22317.0,22323.904,0.676,1.026,0.10400000000000009
1.12,1.117,21319952.0,117093.377,0.99,22428.0,22181.188,0.127,1.29,246047.0,102064.276,0.173,0.3,0.09000000000000008
1.12,1.127,423750.0,21946.509,0.777,21968.0,21967.667,0.35,1.803,21905.0,21901.014,0.676,1.026,0.09299999999999997
1.12,1.127,350804.0,22840.092,0.777,23259.0,23321.667,0.35,1.803,22031.0,22028.658,0.676,1.026,0.09299999999999997
1.12,1.123,8050491.0,54446.349,0.99,23252.0,23082.634,0.133,1.297,95257.0,49482.351,0.174,0.307,0.09000000000000008
1.12,1.127,79091.0,21899.442,0.777,21953.0,21973.0,0.35,1.803,21796.0,21791.356,0.676,1.026,0.1200000000000001
1.12,1.127,27347.0,21958.06,0.777,21970.0,21948.667,0.35,1.803,21935.0,21929.986,0.676,1.026,1.043
1.12,1.127,188991.0,21820.673,0.777,21835.0,21835.667,0.35,1.803,21793.0,21795.877,0.676,1.026,0.10000000000000009
1.12,1.123,40522.0,21473.46,0.777,21549.0,21572.0,0.346,1.803,21325.0,21326.027,0.68,1.026,1.003
1.12,1.127,24553.0,21716.004,0.777,21745.0,21795.333,0.35,1.803,21660.0,21663.041,0.676,1.026,1.047
1.12,1.13,168549.0,21965.755,0.777,21995.0,22016.667,0.353,1.803,21910.0,21911.438,0.673,1.026,0.10000000000000009
1.12,1.13,356132.0,21829.126,0.777,21793.0,21783.0,0.353,1.803,21898.0,21891.548,0.673,1.026,0.09299999999999997
1.12,1.093,5630161.0,51447.713,1.01,23007.0,22901.449,0.083,1.233,99420.0,42781.68,0.14,0.223,0.06299999999999994
1.12,1.127,306770.0,22637.193,0.777,22935.0,22904.667,0.35,1.803,22062.0,22071.575,0.676,1.026,0.09600000000000009
1.12,1.127,170030.0,22172.821,0.777,22414.0,22445.667,0.35,1.803,21707.0,21702.151,0.676,1.026,0.10000000000000009
1.12,1.113,19113710.0,105781.437,0.987,22157.0,22057.159,0.126,1.28,216617.0,89940.438,0.167,0.293,0.08400000000000007
1.12,1.12,11374875.0,24081.42,0.99,24361.0,23899.579,0.13,1.8,22619.0,22614.857,0.68,0.81,0.08600000000000008
1.12,1.12,11096603.0,72577.916,0.99,28423.0,28478.462,0.13,1.287,129300.0,60319.021,0.167,0.297,0.08299999999999996
1.12,1.123,6421637.0,22452.691,0.78,22195.0,22204.649,0.343,1.753,22926.0,22897.198,0.63,0.973,0.09000000000000008
1.12,1.12,14627563.0,24915.775,0.987,24826.0,24217.704,0.133,1.667,25285.0,24695.451,0.547,0.68,0.08600000000000008
1.12,1.12,13123562.0,90829.167,0.987,30159.0,30328.079,0.133,1.287,167009.0,73152.616,0.167,0.3,0.08600000000000008
1.12,1.113,30944332.0,192853.531,0.99,26499.0,25518.926,0.123,1.28,418717.0,156239.485,0.167,0.29,0.08699999999999997
1.12,1.12,12378639.0,93221.201,0.99,28794.0,27313.673,0.13,1.283,174003.0,75186.686,0.163,0.293,0.09000000000000008
1.12,1.12,13229136.0,97967.828,0.99,28061.0,26919.577,0.13,1.28,184007.0,77134.169,0.16,0.29,0.08600000000000008
1.12,1.127,116561.0,22121.764,0.777,22205.0,22253.333,0.35,1.803,21961.0,21970.452,0.676,1.026,0.1100000000000001
1.12,1.127,181217.0,22102.425,0.777,22113.0,22120.0,0.35,1.803,22082.0,22093.219,0.676,1.026,0.10000000000000009
1.12,1.127,172834.0,25305.725,0.777,27724.0,27814.0,0.35,1.803,20635.0,20633.808,0.676,1.026,0.10400000000000009
1.12,1.127,157106.0,21349.813,0.777,21358.0,21372.667,0.35,1.803,21334.0,21329.356,0.676,1.026,0.10000000000000009
1.12,1.097,3887333.0,63910.55,0.903,22089.0,22079.868,0.194,1.223,91073.0,38924.045,0.126,0.32,0.06299999999999994
1.12,1.093,3635047.0,43102.954,1.01,21819.0,21695.476,0.083,1.227,77465.0,35567.859,0.134,0.217,0.05999999999999983
1.12,1.093,7844164.0,91068.865,1.01,22567.0,22517.983,0.083,1.217,193409.0,61237.39,0.124,0.207,0.06299999999999994
1.12,1.133,206227.0,22146.214,0.777,22768.0,22745.333,0.356,1.803,20976.0,20979.493,0.67,1.026,0.09999999999999987
1.12,1.127,168197.0,21432.131,0.777,21441.0,21427.333,0.35,1.803,21415.0,21404.479,0.676,1.026,0.10000000000000009
1.12,1.127,28943.0,21766.105,0.777,22024.0,22074.0,0.35,1.803,21268.0,21256.205,0.676,1.026,1.04
1.12,1.12,124641.0,20759.347,0.777,20869.0,20917.333,0.343,1.803,20541.0,20537.918,0.683,1.026,0.09400000000000008
1.12,1.123,24477.0,21334.244,0.777,21342.0,21338.0,0.346,1.803,21319.0,21312.096,0.68,1.026,1.04
1.12,1.12,124588.0,20934.057,0.777,21029.0,21096.333,0.343,1.803,20745.0,20729.959,0.683,1.026,0.09400000000000008
1.12,1.127,173565.0,21668.088,0.777,21708.0,21816.333,0.35,1.803,21591.0,21600.904,0.676,1.026,0.10000000000000009
1.12,1.14,24832.0,21168.613,0.777,20966.0,20990.667,0.363,1.8,21537.0,21528.764,0.66,1.023,1.033
1.12,1.127,162318.0,21351.211,0.777,21342.0,21392.333,0.35,1.803,21369.0,21379.685,0.676,1.026,0.10000000000000009
1.12,1.127,23461.0,21414.595,0.777,21374.0,21402.0,0.35,1.803,21493.0,21501.384,0.676,1.026,1.043
1.12,1.127,30464.0,21132.37,0.777,21105.0,21119.0,0.35,1.8,21185.0,21188.335,0.673,1.023,0.74
1.12,1.127,33817.0,21399.749,0.777,21367.0,21380.333,0.35,1.803,21463.0,21461.685,0.676,1.026,0.823
1.12,1.127,25911.0,21375.018,0.777,21418.0,21430.667,0.35,1.803,21292.0,21288.26,0.676,1.026,1.013
1.12,1.127,164153.0,21458.444,0.777,21439.0,21454.0,0.35,1.803,21496.0,21486.342,0.676,1.026,0.10000000000000009
1.12,1.127,160689.0,21827.22,0.777,21803.0,21823.667,0.35,1.803,21874.0,21872.767,0.676,1.026,0.10000000000000009
1.12,1.123,54468.0,21914.402,0.777,21995.0,22019.333,0.346,1.803,21756.0,21750.082,0.68,1.026,0.14700000000000002
1.12,1.123,28567.0,22207.265,0.777,22242.0,22284.0,0.346,1.803,22139.0,22138.096,0.68,1.026,1.03
1.12,1.13,164303.0,22069.266,0.777,22157.0,22204.0,0.353,1.803,21902.0,21884.904,0.673,1.026,0.10000000000000009
1.12,1.127,171897.0,22088.78,0.777,22113.0,22158.0,0.35,1.803,22042.0,22033.616,0.676,1.026,0.10000000000000009
1.12,1.123,54123.0,21807.296,0.777,21897.0,21913.0,0.346,1.803,21631.0,21639.26,0.68,1.026,0.14700000000000002
1.12,1.13,158286.0,22093.524,0.777,22066.0,22062.0,0.353,1.803,22146.0,22147.192,0.673,1.026,0.10400000000000009
1.12,1.127,162950.0,21705.016,0.777,21821.0,21893.333,0.35,1.803,21481.0,21482.767,0.676,1.026,0.10000000000000009
1.12,1.127,132347.0,19709.057,0.777,19692.0,19684.0,0.35,1.803,19742.0,19732.055,0.676,1.026,0.10400000000000009
1.12,1.127,151349.0,20249.09,0.777,20216.0,20218.333,0.35,1.803,20313.0,20321.425,0.676,1.026,0.10000000000000009
1.12,1.107,39074240.0,233732.25,0.99,20880.0,20303.675,0.117,1.27,530270.0,181054.421,0.163,0.28,0.08299999999999996
1.12,1.107,39657224.0,238681.253,0.99,26480.0,25244.269,0.117,1.267,528871.0,178741.378,0.16,0.277,0.08299999999999996
1.12,1.107,36549336.0,241523.119,0.99,36986.0,37015.035,0.117,1.267,521232.0,176142.347,0.16,0.277,0.08299999999999996
1.12,1.093,11118721.0,124048.216,1.013,43749.0,43345.093,0.08,1.217,248512.0,66823.829,0.124,0.204,0.06299999999999994
1.12,1.093,8519646.0,91322.807,1.01,26248.0,24682.997,0.083,1.217,188543.0,60143.122,0.124,0.207,0.06299999999999994
1.12,1.093,9308247.0,93273.667,1.01,29087.0,29097.022,0.083,1.22,191487.0,62088.061,0.127,0.21,0.06299999999999994
1.12,1.137,240657.0,23752.456,0.777,26130.0,26147.667,0.36,1.803,19354.0,19346.973,0.666,1.026,0.10000000000000009
1.12,1.123,305060.0,22734.735,0.777,24257.0,24314.0,0.346,1.803,19743.0,19753.397,0.68,1.026,0.09000000000000008
1.12,1.127,30191.0,21535.992,0.777,21478.0,21497.667,0.35,1.803,21648.0,21654.37,0.676,1.026,0.99
1.12,1.123,295908.0,21303.739,0.777,21211.0,21192.667,0.346,1.803,21486.0,21481.274,0.68,1.026,0.09000000000000008
1.12,1.127,163358.0,22125.815,0.777,22411.0,22437.333,0.35,1.803,21575.0,21573.973,0.676,1.026,0.10400000000000009
1.12,1.14,29039.0,21419.211,0.777,21260.0,21338.333,0.363,1.803,21710.0,21708.192,0.663,1.026,0.9969999999999999
1.12,1.127,150302.0,21570.337,0.777,21541.0,21533.0,0.35,1.803,21627.0,21631.973,0.676,1.026,0.10400000000000009
1.12,1.127,156067.0,22151.029,0.777,22106.0,22137.333,0.35,1.803,22238.0,22233.685,0.676,1.026,0.10400000000000009
1.12,1.12,6795187.0,54257.559,0.833,22301.0,22326.916,0.287,1.3,74300.0,42593.65,0.18,0.467,0.08600000000000008
1.12,1.123,5720304.0,22986.353,0.947,23009.0,22895.84,0.176,1.763,22904.0,22885.082,0.64,0.816,0.08699999999999997
1.12,1.127,264771.0,23064.715,0.777,23398.0,23438.667,0.35,1.803,22421.0,22428.192,0.676,1.026,0.09600000000000009
1.12,1.123,6472287.0,22578.6,0.887,22437.0,22361.033,0.236,1.707,22929.0,22928.554,0.584,0.82,0.09000000000000008
1.12,1.123,7026837.0,22656.831,0.8,22519.0,22545.615,0.323,1.803,22947.0,22927.151,0.68,1.003,0.08699999999999997
1.12,1.107,55098200.0,353753.976,0.99,26602.0,26203.537,0.117,1.277,829103.0,284549.264,0.17,0.287,0.09000000000000008
1.12,1.127,354421.0,22962.788,0.777,23220.0,23254.0,0.35,1.803,22466.0,22472.082,0.676,1.026,0.09600000000000009
1.12,1.123,4899475.0,26618.902,0.983,27344.0,26285.195,0.14,1.803,23097.0,23086.932,0.68,0.82,0.08699999999999997
1.12,1.127,815884.0,22535.667,0.777,22419.0,22461.333,0.35,1.803,22761.0,22763.507,0.676,1.026,0.08999999999999986
1.12,1.12,13293521.0,85422.172,0.99,24875.0,24226.004,0.13,1.287,163202.0,71860.669,0.167,0.297,0.08600000000000008
1.12,1.133,105064.0,22300.4,0.777,22197.0,22209.0,0.356,1.803,22495.0,22496.397,0.67,1.026,0.11699999999999999
1.12,1.13,156456.0,22232.673,0.777,22179.0,22197.333,0.353,1.803,22335.0,22337.877,0.673,1.026,0.10299999999999998
1.12,1.13,768948.0,22371.547,0.777,22354.0,22414.0,0.353,1.803,22405.0,22416.795,0.673,1.026,0.08999999999999986
1.12,1.13,420973.0,23356.716,0.777,24136.0,24181.0,0.353,1.803,21871.0,21879.055,0.673,1.026,0.09299999999999997
1.12,1.14,28168.0,21878.02,0.777,21555.0,21622.667,0.363,1.803,22468.0,22465.616,0.663,1.026,1.013
1.12,1.13,27683.0,22139.608,0.777,22088.0,22046.0,0.353,1.803,22238.0,22249.548,0.673,1.026,1.0
1.12,1.113,35659072.0,208199.392,0.99,22372.0,22149.748,0.123,1.283,465034.0,173689.176,0.17,0.293,0.09000000000000008
1.12,1.117,27715084.0,163418.935,0.99,27522.0,26337.426,0.127,1.283,341048.0,132698.911,0.166,0.293,0.08699999999999997
1.12,1.123,5506716.0,23214.857,0.87,23411.0,23076.769,0.253,1.8,22690.0,22711.984,0.677,0.93,0.08699999999999997
1.12,1.127,319587.0,22428.84,0.777,22465.0,22451.0,0.35,1.803,22359.0,22360.932,0.676,1.026,0.09299999999999997
1.12,1.113,40852216.0,276886.429,0.993,25405.0,24502.244,0.12,1.273,612195.0,210256.529,0.16,0.28,0.08699999999999997
1.12,1.123,5631810.0,22919.632,0.797,22844.0,22852.604,0.326,1.797,23076.0,23053.435,0.674,1.0,0.08699999999999997
1.12,1.143,72171.0,21782.637,0.777,21534.0,21592.667,0.366,1.803,22231.0,22220.274,0.66,1.026,0.14400000000000013
1.12,1.133,733269.0,22268.965,0.777,22219.0,22262.667,0.356,1.803,22363.0,22350.466,0.67,1.026,0.09400000000000008
1.12,1.09,7644847.0,72067.089,1.01,29290.0,29204.005,0.08,1.223,143184.0,51230.946,0.133,0.213,0.06000000000000005
1.12,1.127,357424.0,24931.175,0.777,26586.0,26667.333,0.35,1.803,21735.0,21734.178,0.676,1.026,0.09299999999999997
1.12,1.127,182383.0,22318.259,0.777,22234.0,22251.0,0.35,1.803,22481.0,22473.849,0.676,1.026,0.10000000000000009
1.12,1.13,166234.0,23426.783,0.777,23990.0,23992.333,0.353,1.803,22353.0,22358.178,0.673,1.026,0.10299999999999998
1.12,1.127,163611.0,21745.982,0.777,21703.0,21672.667,0.35,1.803,21829.0,21818.808,0.676,1.026,0.10400000000000009
1.12,1.09,4719859.0,54128.437,1.007,23118.0,23026.713,0.083,1.22,102699.0,41796.739,0.13,0.213,0.06000000000000005
1.12,1.093,3451883.0,38164.877,1.01,22851.0,22767.799,0.083,1.23,63442.0,33196.483,0.137,0.22,0.06000000000000005
1.12,1.093,4467753.0,23300.322,1.01,23266.0,23208.649,0.083,1.513,23474.0,23739.422,0.42,0.503,0.06000000000000005
1.12,1.133,215697.0,22764.61,0.777,22961.0,22955.333,0.356,1.803,22395.0,22400.384,0.67,1.026,0.09999999999999987
1.12,1.13,168945.0,22329.163,0.777,22463.0,22536.0,0.353,1.803,22074.0,22042.192,0.673,1.026,0.10299999999999998
1.12,1.13,298064.0,22479.519,0.777,22388.0,22362.667,0.353,1.803,22654.0,22660.616,0.673,1.026,0.09299999999999997
1.12,1.127,25031.0,22786.053,0.777,22740.0,22741.667,0.35,1.803,22875.0,22882.562,0.676,1.026,1.013
1.12,1.163,24807.0,20020.244,0.777,18208.0,18296.667,0.386,1.803,23025.0,23029.726,0.64,1.026,1.043
1.12,1.127,190918.0,22681.707,0.777,22732.0,22738.0,0.35,1.8,22585.0,22574.544,0.673,1.023,0.10000000000000009
1.12,1.133,24323.0,22806.263,0.777,22825.0,22820.0,0.356,1.803,22771.0,22767.959,0.67,1.026,0.8539999999999999
1.12,1.157,24736.0,19936.926,0.777,18201.0,18322.667,0.38,1.803,22888.0,22867.74,0.646,1.026,0.903
1.12,1.127,164684.0,22693.405,0.777,22734.0,22715.0,0.35,1.803,22615.0,22615.904,0.676,1.026,0.10400000000000009
1.12,1.123,24191.0,22751.789,0.777,22770.0,22787.667,0.346,1.803,22716.0,22726.151,0.68,1.026,1.047
1.12,1.127,131642.0,23917.819,0.777,23882.0,23931.0,0.35,1.803,23987.0,23997.397,0.676,1.026,0.10699999999999998
1.12,1.123,135737.0,22446.864,0.777,22574.0,22627.0,0.346,1.803,22197.0,22201.11,0.68,1.026,0.09699999999999998
1.12,1.127,152717.0,23854.142,0.777,23775.0,23801.0,0.35,1.803,24007.0,24002.603,0.676,1.026,0.10699999999999998
1.12,1.123,401075.0,21333.127,0.777,21178.0,21179.0,0.346,1.803,21638.0,21647.452,0.68,1.026,0.09400000000000008
1.12,1.13,24762.0,22694.499,0.777,22625.0,22648.0,0.353,1.803,22827.0,22829.836,0.673,1.026,0.99
1.12,1.127,25020.0,20948.135,0.777,20811.0,20837.333,0.35,1.803,21213.0,21215.918,0.676,1.026,1.023
1.12,1.107,102898.0,21524.427,0.777,21417.0,21420.667,0.33,1.803,21751.0,21765.096,0.696,1.026,0.08699999999999997
1.12,1.123,167664.0,21238.101,0.777,21114.0,21166.333,0.346,1.803,21482.0,21487.753,0.68,1.026,0.10000000000000009
1.12,1.097,1386741.0,21751.98,0.777,21629.0,21636.333,0.32,1.797,22021.0,21995.962,0.7,1.02,0.06299999999999994
1.12,1.107,3278266.0,21813.63,0.89,21705.0,21668.874,0.217,1.723,22122.0,22098.275,0.616,0.833,0.07000000000000006
1.12,1.127,5504838.0,21806.157,0.817,21844.0,21928.547,0.31,1.8,21724.0,21744.126,0.673,0.983,0.08999999999999986
1.12,1.117,19245860.0,114702.533,0.987,22263.0,21924.334,0.13,1.287,235585.0,96272.562,0.17,0.3,0.09000000000000008
1.12,1.12,163204.0,22535.714,0.777,23777.0,23800.667,0.343,1.803,20064.0,20060.671,0.683,1.026,0.10299999999999998
1.12,1.093,27634.0,22726.312,0.777,23512.0,23539.0,0.316,1.803,20961.0,20956.685,0.71,1.026,0.956
1.12,1.093,25417.0,22498.086,0.777,22884.0,22898.333,0.316,1.803,21631.0,21633.384,0.71,1.026,1.047
1.12,1.127,24527.0,20698.195,0.777,20573.0,20615.0,0.35,1.803,20940.0,20940.123,0.676,1.026,0.92
1.12,1.107,100574.0,21060.737,0.777,20971.0,20978.667,0.33,1.803,21250.0,21241.205,0.696,1.026,0.08699999999999997
1.12,1.123,166032.0,20750.302,0.777,20580.0,20578.667,0.346,1.803,21085.0,21086.562,0.68,1.026,0.09699999999999998
1.12,1.097,1418533.0,21261.538,0.777,21153.0,21177.667,0.32,1.803,21501.0,21499.274,0.706,1.026,0.06299999999999994
1.12,1.107,3297711.0,21245.38,0.82,21061.0,21011.093,0.287,1.673,21609.0,21575.152,0.566,0.853,0.07000000000000006
1.12,1.12,6145771.0,23610.597,0.853,23645.0,23545.492,0.267,1.73,23532.0,23458.942,0.61,0.877,0.08600000000000008
1.12,1.117,20659324.0,123258.596,0.99,26051.0,25919.334,0.127,1.287,253379.0,104257.973,0.17,0.297,0.09000000000000008
1.12,1.127,29157.0,20726.413,0.777,22050.0,22018.333,0.35,1.803,18170.0,18174.973,0.676,1.026,0.817
1.12,1.133,26165.0,22270.694,0.777,22092.0,22067.333,0.356,1.803,22607.0,22611.685,0.67,1.026,0.8470000000000001
1.12,1.133,25655.0,21973.589,0.777,21823.0,21845.667,0.356,1.803,22257.0,22268.589,0.67,1.026,0.846
1.12,1.137,142455.0,21395.211,0.777,20911.0,20886.0,0.36,1.803,22291.0,22299.466,0.666,1.026,0.10400000000000009
1.12,1.123,164389.0,21897.604,0.777,21730.0,21693.0,0.346,1.803,22227.0,22230.616,0.68,1.026,0.10299999999999998
1.12,1.127,25985.0,22115.359,0.777,21983.0,22034.667,0.35,1.803,22371.0,22376.055,0.676,1.026,0.9929999999999999
1.12,1.13,25718.0,22012.442,0.777,21902.0,21952.333,0.353,1.803,22223.0,22219.712,0.673,1.026,0.8840000000000001
1.12,1.127,158807.0,22052.715,0.777,21861.0,21858.667,0.35,1.803,22423.0,22430.603,0.676,1.026,0.10000000000000009
1.12,1.123,161401.0,21998.559,0.777,21806.0,21753.0,0.346,1.803,22377.0,22392.781,0.68,1.026,0.10299999999999998
1.12,1.123,169438.0,21968.378,0.777,21705.0,21712.0,0.346,1.803,22486.0,22489.247,0.68,1.026,0.10000000000000009
1.12,1.13,26221.0,22359.072,0.777,22207.0,22180.0,0.353,1.803,22649.0,22638.89,0.673,1.026,0.98
1.12,1.127,26023.0,22219.626,0.777,22061.0,22108.333,0.35,1.803,22526.0,22516.836,0.676,1.026,0.8800000000000001
1.12,1.123,172409.0,22293.791,0.777,22110.0,22083.667,0.346,1.803,22655.0,22663.466,0.68,1.026,0.10000000000000009
1.12,1.13,161414.0,22243.244,0.777,21968.0,21948.0,0.353,1.803,22768.0,22757.397,0.673,1.026,0.10000000000000009
1.12,1.127,167446.0,22567.444,0.777,22548.0,22518.667,0.35,1.803,22605.0,22617.822,0.676,1.026,0.10000000000000009
1.12,1.127,159789.0,23142.602,0.777,23160.0,23118.0,0.35,1.803,23109.0,23095.11,0.676,1.026,0.10400000000000009
1.12,1.127,25999.0,22434.823,0.777,22253.0,22321.667,0.35,1.803,22786.0,22795.986,0.676,1.026,0.903
1.12,1.13,25947.0,22436.609,0.777,22278.0,22359.0,0.353,1.803,22739.0,22755.274,0.673,1.026,0.9999999999999999
1.12,1.127,26125.0,22490.037,0.777,22328.0,22322.333,0.35,1.803,22803.0,22793.959,0.676,1.026,1.03
1.12,1.123,170081.0,22498.756,0.777,22318.0,22366.667,0.346,1.803,22854.0,22854.288,0.68,1.026,0.10299999999999998
1.12,1.123,172080.0,22418.37,0.777,22271.0,22301.0,0.346,1.803,22708.0,22716.301,0.68,1.026,0.09999999999999987
1.12,1.123,164464.0,22051.363,0.777,21847.0,21834.0,0.346,1.803,22453.0,22442.932,0.68,1.026,0.09999999999999987
1.12,1.13,25919.0,22244.468,0.777,22069.0,22098.0,0.353,1.803,22579.0,22573.37,0.673,1.026,0.887
1.12,1.127,25977.0,22251.244,0.777,22051.0,22032.0,0.35,1.803,22638.0,22644.205,0.676,1.026,1.007
1.12,1.127,157325.0,23091.288,0.777,23312.0,23307.0,0.35,1.803,22665.0,22671.0,0.676,1.026,0.10400000000000009
1.12,1.12,160670.0,22431.993,0.777,22376.0,22472.667,0.343,1.8,22543.0,22545.753,0.68,1.023,0.09999999999999987
1.12,1.123,164308.0,22399.456,0.777,22360.0,22408.333,0.346,1.803,22477.0,22469.932,0.68,1.026,0.09999999999999987
1.12,1.127,25929.0,22322.797,0.777,22215.0,22241.333,0.35,1.803,22531.0,22528.37,0.676,1.026,0.833
1.12,1.127,25724.0,21984.06,0.777,21821.0,21705.667,0.35,1.803,22299.0,22313.63,0.676,1.026,1.0270000000000001
1.12,1.123,171360.0,22409.844,0.777,22308.0,22311.333,0.346,1.803,22610.0,22603.795,0.68,1.026,0.10299999999999998
1.12,1.127,178352.0,21590.546,0.777,21450.0,21420.0,0.35,1.803,21862.0,21860.397,0.676,1.026,0.10000000000000009
1.12,1.127,153730.0,22130.673,0.777,22145.0,22194.667,0.35,1.803,22103.0,22103.0,0.676,1.026,0.10000000000000009
1.12,1.123,821782.0,22045.411,0.777,21981.0,22061.333,0.346,1.803,22172.0,22175.534,0.68,1.026,0.09000000000000008
1.12,1.123,28863.0,21933.934,0.777,21882.0,21935.0,0.346,1.803,22036.0,22039.452,0.68,1.026,0.98
1.12,1.123,29531.0,22356.782,0.777,22318.0,22398.333,0.346,1.803,22433.0,22432.918,0.68,1.026,1.007
1.12,1.127,157477.0,22220.558,0.777,22167.0,22159.667,0.35,1.803,22324.0,22323.63,0.676,1.026,0.10400000000000009
1.12,1.123,162926.0,22402.47,0.777,22333.0,22436.0,0.346,1.803,22539.0,22542.205,0.68,1.026,0.10299999999999998
1.12,1.123,163314.0,25672.394,0.777,25177.0,25229.667,0.346,1.803,26646.0,26638.932,0.68,1.026,0.10299999999999998
1.12,1.123,159022.0,23522.565,0.777,23589.0,23656.333,0.346,1.803,23392.0,23392.0,0.68,1.026,0.10299999999999998
1.12,1.123,1051768.0,21943.569,0.777,21779.0,21728.667,0.346,1.803,22267.0,22266.301,0.68,1.026,0.09000000000000008
1.12,1.123,5508772.0,22204.16,0.803,21944.0,21983.065,0.32,1.803,22757.0,22781.452,0.68,1.0,0.08600000000000008
1.12,1.14,1076785.0,21334.211,0.777,21296.0,21332.667,0.363,1.803,21404.0,21396.726,0.663,1.026,0.08699999999999997
1.12,1.123,32962.0,21909.598,0.777,21829.0,21898.333,0.346,1.803,22068.0,22066.356,0.68,1.026,0.98
1.12,1.13,145770.0,22188.26,0.777,22212.0,22154.667,0.353,1.803,22143.0,22147.356,0.673,1.026,0.10400000000000009
1.12,1.127,1145493.0,20812.228,0.777,20671.0,20675.667,0.35,1.803,21085.0,21080.479,0.676,1.026,0.08699999999999997
1.12,1.13,1064869.0,21285.081,0.777,21229.0,21287.0,0.353,1.803,21392.0,21367.877,0.673,1.026,0.09000000000000008
1.12,1.123,158898.0,22350.17,0.777,22595.0,22598.667,0.346,1.803,21869.0,21862.096,0.68,1.026,0.10000000000000009
1.12,1.14,24673.0,21386.246,0.777,21261.0,21277.0,0.363,1.803,21615.0,21612.904,0.663,1.026,0.9730000000000001
1.12,1.127,1430381.0,21043.495,0.777,21051.0,21090.333,0.35,1.803,21029.0,21028.178,0.676,1.026,0.08699999999999997
1.12,1.143,33965.0,21834.363,0.777,21229.0,21271.333,0.366,1.803,22926.0,22945.685,0.66,1.026,0.7369999999999999
1.12,1.123,162140.0,22370.698,0.777,22368.0,22374.333,0.346,1.803,22376.0,22362.973,0.68,1.026,0.09999999999999987
1.12,1.123,153749.0,20316.133,0.777,20247.0,20202.0,0.346,1.803,20452.0,20445.836,0.68,1.026,0.10000000000000009
1.12,1.123,2758038.0,20264.033,0.777,20290.0,20312.0,0.346,1.803,20213.0,20215.753,0.68,1.026,0.08699999999999997
1.12,1.127,41547.0,19981.528,0.777,20148.0,20168.333,0.35,1.803,19660.0,19654.658,0.676,1.026,0.2200000000000002
1.12,1.123,6526734.0,19989.318,0.99,19739.0,19659.411,0.133,1.66,21000.0,20685.271,0.537,0.67,0.09000000000000008
1.12,1.127,92036.0,19609.616,0.777,19641.0,19608.333,0.35,1.803,19549.0,19545.918,0.676,1.026,0.10699999999999998
1.12,1.127,172510.0,19580.579,0.777,19599.0,19587.0,0.35,1.803,19545.0,19544.219,0.676,1.026,0.10000000000000009
1.12,1.123,714812.0,19573.298,0.777,19634.0,19596.667,0.346,1.803,19454.0,19447.712,0.68,1.026,0.09000000000000008
1.12,1.123,729817.0,19606.735,0.777,19572.0,19535.0,0.346,1.803,19675.0,19684.945,0.68,1.026,0.09000000000000008
1.12,1.127,313093.0,19934.366,0.777,20210.0,20204.333,0.35,1.803,19402.0,19408.288,0.676,1.026,0.09299999999999997
1.12,1.13,22512.0,20084.141,0.777,20454.0,20466.333,0.353,1.803,19379.0,19379.575,0.673,1.026,0.7970000000000002
1.12,1.127,156900.0,19523.499,0.777,19560.0,19542.667,0.35,1.803,19453.0,19449.507,0.676,1.026,0.10000000000000009
1.12,1.127,26023.0,19795.895,0.777,19888.0,19874.333,0.35,1.803,19618.0,19594.986,0.676,1.026,1.04
1.12,1.127,153882.0,19785.497,0.777,19895.0,19893.667,0.35,1.803,19574.0,19571.041,0.676,1.026,0.10000000000000009
1.12,1.127,157732.0,19961.552,0.777,19952.0,19960.333,0.35,1.803,19980.0,19984.849,0.676,1.026,0.10000000000000009
1.12,1.12,381448.0,19645.691,0.777,19866.0,19872.333,0.343,1.803,19207.0,19203.178,0.683,1.026,0.08299999999999996
1.12,1.127,719383.0,19895.575,0.777,19885.0,19889.0,0.35,1.803,19916.0,19924.753,0.676,1.026,0.08999999999999986
1.12,1.13,537274.0,20140.212,0.777,20112.0,20138.667,0.353,1.803,20194.0,20197.37,0.673,1.026,0.09299999999999997
1.12,1.13,23560.0,19924.894,0.777,19939.0,19942.333,0.353,1.803,19898.0,19889.493,0.673,1.026,0.73
1.12,1.133,482289.0,19976.372,0.777,19933.0,20024.0,0.356,1.803,20058.0,20053.808,0.67,1.026,0.09400000000000008
1.12,1.123,545630.0,20009.135,0.777,20430.0,20426.0,0.346,1.803,19182.0,19179.863,0.68,1.026,0.07999999999999985
1.12,1.13,23099.0,20080.514,0.777,20171.0,20194.667,0.353,1.803,19908.0,19919.301,0.673,1.026,0.964
1.12,1.13,149991.0,19953.186,0.777,19990.0,19972.0,0.353,1.803,19883.0,19879.589,0.673,1.026,0.10299999999999998
