y_left_t,y_left_ab,y_right_t,y_right_ab
0.987,27602,1.7,22697
0.983,30945,1.69,21547
0.99,29197,1.48,19146
0.983,24041,1.71,26268
0.98,33639,1.7,29380
0.977,32633,1.717,25128
1,35057,1.543,22194
0.997,24694,1.68,23800
0.997,26842,1.687,23359
0.953,22875,1.457,22167
0.987,23733,1.39,22606
0.99,21607,1.497,21771
0.99,21773,1.493,21900
0.99,21806,1.48,22110
0.983,21905,1.723,22307
0.98,23264,1.577,22179
0.987,22495,1.697,23338
0.977,23266,1.587,21711
0.863,22014,1.4,21871
0.983,23273,1.503,21701
0.977,22059,1.71,22245
0.99,23447,1.463,21741
0.997,23138,1.44,22029
0.977,22155,1.613,22259
1.013,22742,1.323,22956
0.983,22095,1.7,29475
0.977,35488,1.7,25796
0.983,29112,1.713,24035
0.967,28522,1.567,23432
0.977,31683,1.703,25400
0.983,29184,1.507,22653
0.983,25846,1.45,22633
0.967,23773,1.68,21450
0.983,25260,1.45,21571
0.99,22443,1.7,21413
0.997,24074,1.677,24196
0.993,23499,1.68,23633
0.997,24690,1.697,23543
1.013,25271,1.38,22337
0.983,22829,1.557,22401
0.997,23744,1.47,22814
0.977,22006,1.65,22037
0.98,22544,1.703,25287
0.997,25492,1.68,22107
0.987,23771,1.467,22308
0.98,22747,1.713,25224
0.937,23095,1.513,22017
0.997,21328,1.69,21443
0.983,21502,1.7,24006
0.983,23988,1.703,32204
0.977,40594,1.703,20967
0.983,64755,1.7,20678
1.047,47757,1.72,21270
0.977,28248,1.7,31339
0.983,35540,1.71,23297
0.99,42131,1.5,11820
0.993,28962,1.7,22028
0.98,23433,1.72,21189
0.977,23765,1.717,26629
0.977,28925,1.72,23682
0.98,31959,1.713,27408
0.983,53518,1.703,23089
1.003,62382,1.467,6482
1.003,28666,1.567,23424
1.003,32904,1.597,22864
0.993,24242,1.693,21454
0.987,25897,1.41,20688
0.987,20873,1.58,20993
0.99,21336,1.563,21454
0.997,21023,1.69,21028
0.98,20891,1.707,24200
0.983,25052,1.46,22498
0.987,24268,1.713,22968
0.993,23899,1.46,22449
0.993,23583,1.677,23256
0.983,23314,1.7,30567
0.98,30133,1.7,25020
0.987,29778,1.713,23126
0.993,25835,1.677,22716
0.98,26567,1.707,25173
0.977,28346,1.707,29065
0.993,44307,1.707,23380
0.983,39978,1.703,24300
0.98,49493,1.72,21076
0.977,28746,1.717,28815
0.983,51754,1.703,21205
1.003,45412,1.6,20210
1,28005,1.677,24765
1.003,32308,1.7,24165
1.003,28047,1.68,24250
1.017,30100,1.44,21094
0.987,24365,1.503,23004
1.003,25592,1.533,22346
0.987,22134,1.69,22235
1.013,22591,1.243,22879
1.007,22507,1.48,22649
1.01,22522,1.65,22549
0.983,22433,1.7,23619
0.987,23394,1.577,22546
0.987,22663,1.7,23727
0.98,23327,1.467,22822
1,23215,1.48,22798
0.977,23725,1.497,22459
0.983,21478,1.55,21759
0.983,22057,1.717,22693
0.987,22672,1.687,22278
0.977,22924,1.607,22239
0.96,22214,1.46,22150
0.983,22448,1.603,22166
0.98,21833,1.727,21899
0.983,22014,1.7,22786
0.99,22469,1.713,22743
0.993,24447,1.51,21111
1,21034,1.507,21240
0.977,21580,1.61,21700
0.993,21326,1.683,21233
0.997,21178,1.38,21285
0.987,20836,1.507,20796
0.993,21633,1.687,21473
0.987,20868,1.627,20615
0.963,20894,1.57,20882
0.987,21649,1.617,21713
0.993,21647,1.433,21927
1.007,21503,1.207,21884
0.987,21281,1.45,21603
0.963,21661,1.677,21971
0.963,22293,1.637,22506
0.98,21794,1.7,31239
0.98,30841,1.7,28174
0.983,44981,1.697,24859
0.973,30328,1.713,33234
0.98,40275,1.717,28773
0.98,60326,1.707,33113
0.983,46950,1.703,34819
0.983,49319,1.703,34948
0.987,82561,1.713,35084
1,60428,1.41,22589
1.007,35224,1.37,21965
0.977,27964,1.703,33821
0.993,25115,1.417,21929
0.997,28680,1.537,20478
0.973,22556,1.707,23105
0.977,23548,1.72,22982
0.977,31347,1.703,21730
0.977,25606,1.703,23480
0.98,31526,1.717,33981
1.003,67967,1.413,18052
1.013,29602,1.6,23374
0.997,32248,1.477,23546
1.003,28080,1.677,23722
0.997,25738,1.717,23146
0.98,27274,1.443,21366
1.023,23138,1.407,22068
0.983,23271,1.483,22061
1,23500,1.447,22162
0.993,23504,1.703,23372
0.997,22915,1.71,23359
1.003,23730,1.697,23655
0.997,23526,1.693,23515
0.997,23757,1.69,23494
1.013,24659,1.497,21790
1.03,22316,1.457,21680
0.997,22656,1.497,22052
0.997,22888,1.493,22019
0.99,20589,1.547,20680
1.017,21708,1.6,21782
0.973,20530,1.71,20714
0.983,21251,1.703,20439
0.977,22444,1.737,20051
0.983,22801,1.7,20548
0.98,23453,1.707,20315
0.987,24717,1.697,19967
1.02,24605,1.397,20055
1.017,21229,1.307,20333
0.95,21625,1.26,20980
1.003,20919,1.223,20948
0.96,20882,1.437,20864
0.977,20529,1.7,23623
0.927,22284,1.433,21063
0.99,22373,1.373,21017
0.967,21839,1.447,21196
0.997,22723,1.433,20599
1.02,21469,1.3,21962
0.993,21216,1.493,21442
1.007,21288,1.293,21447
1.017,22107,1.427,22089
0.997,21520,1.58,21558
1.017,21644,1.51,21721
1.03,21763,1.447,21734
0.98,21421,1.42,21402
0.997,21925,1.567,22081
0.983,21771,1.57,21898
0.97,21444,1.447,21590
1,21525,1.467,21480
0.98,21105,1.703,24231
0.95,23738,1.503,21595
0.98,22798,1.703,24705
1.03,33867,1.43,18914
0.987,24062,1.48,21800
1.007,26362,1.42,21368
1,21733,1.657,21775
1,22927,1.657,23150
0.98,22532,1.7,25367
1.003,28994,1.45,21514
1.003,27153,1.4,21543
1.007,25600,1.7,22492
1.003,23410,1.367,22197
0.963,22498,1.623,22293
0.97,23218,1.737,23158
0.98,23044,1.437,23145
1,23075,1.647,23148
1,23974,1.663,23710
1.007,23506,1.59,23435
0.99,22966,1.72,22961
0.997,23852,1.65,23832
0.997,23504,1.697,23259
0.99,22928,1.677,22933
0.973,22173,1.673,22371
0.977,22199,1.703,25259
0.98,24853,1.503,22195
0.963,25581,1.49,22440
0.987,23191,1.703,23046
0.993,23929,1.47,21987
0.973,22931,1.363,21914
0.993,22546,1.48,22054
0.967,21981,1.363,21675
0.997,22106,1.363,21884
0.98,22134,1.587,21968
0.997,21912,1.557,22121
0.997,22820,1.697,23172
0.997,23263,1.493,22288
0.983,22556,1.503,21902
0.983,22068,1.703,24418
0.98,24028,1.72,22921
0.977,28037,1.7,23398
0.993,25415,1.703,23145
0.977,24476,1.737,23749
0.977,29862,1.7,23941
0.98,25935,1.703,26413
0.983,28368,1.723,23685
0.967,26758,1.713,23445
1.003,27956,1.41,22127
0.983,25335,1.497,22314
0.987,27665,1.38,21090
0.997,21286,1.607,21377
1,22139,1.723,22361
1.007,21796,1.683,21854
1,22391,1.68,22615
1,23142,1.45,21279
0.97,21773,1.52,21564
1.013,22169,1.32,21533
0.99,20920,1.38,21001
1.013,21608,1.377,21484
0.99,21184,1.517,21023
0.987,21714,1.483,21781
1.01,21760,1.45,21721
0.99,21307,1.63,21440
0.99,21568,1.2,21927
0.99,21204,1.33,21357
1.017,21472,1.437,21549
1.007,21436,1.387,21517
1,21445,1.553,21590
0.977,21751,1.58,22004
0.987,21905,1.437,21934
1.003,22311,1.47,22314
0.973,21949,1.503,22043
1.003,22280,1.567,22026
0.997,21821,1.403,21854
0.987,22147,1.477,22217
0.993,21418,1.597,21528
0.983,19624,1.697,19751
0.997,20248,1.737,20250
0.973,20245,1.72,24917
0.977,25474,1.717,24829
0.973,35886,1.7,25358
1.007,43436,1.477,15887
1.003,25807,1.697,22121
1,28688,1.72,22294
1.007,26517,1.433,19626
0.993,24211,1.45,20025
0.99,22352,1.367,21758
0.953,21680,1.7,21496
0.98,22557,1.54,21692
1.017,22295,1.383,21836
0.967,21653,1.677,21635
0.987,22115,1.697,22162
0.983,22428,1.72,23256
0.983,23335,1.713,23012
0.997,25440,1.47,22750
0.98,22909,1.707,22929
0.983,23758,1.703,23306
0.98,25968,1.7,30392
0.993,32116,1.423,22967
0.993,27742,1.7,23370
0.993,26337,1.643,22842
0.977,24398,1.72,23812
0.963,25709,1.4,22730
1.003,25026,1.473,22550
0.997,23340,1.663,22559
1,24635,1.5,22171
1.017,23026,1.3,22563
1.013,23059,1.303,22623
0.987,22221,1.7,27110
0.987,27259,1.7,25741
0.993,29389,1.7,22928
0.977,26309,1.5,22611
0.99,25097,1.7,27689
0.997,30898,1.707,23234
1.033,29459,1.353,22754
1.003,25324,1.477,22959
1.003,29229,1.683,22768
0.987,26611,1.387,22258
0.963,23086,1.5,22638
1.007,24383,1.443,22568
0.983,21655,1.697,21709
1,23039,1.7,23397
1.003,22842,1.69,22858
1.003,23212,1.51,23496
1.007,23316,1.657,22406
0.987,22332,1.507,22218
0.983,22495,1.67,22681
1.013,22915,1.273,23078
1.033,23055,1.323,23256
0.983,22480,1.603,22644
1.003,22763,1.383,22856
1.027,22944,1.303,23156
0.987,22525,1.46,22736
1.007,22734,1.357,22839
0.987,23611,1.487,24012
0.993,22498,1.57,22336
1,23871,1.543,24105
0.973,21329,1.697,21582
1.013,22889,1.227,23225
1.013,20967,1.31,21369
0.987,21532,1.66,21742
1.003,21353,1.487,21625
1.01,21824,1.61,22167
0.997,21814,1.71,22063
0.99,22197,1.693,22112
0.983,22172,1.707,24005
0.993,23843,1.437,20244
1.02,23483,1.243,21208
1.03,23112,1.21,21866
1.02,20727,1.253,21133
1.01,21108,1.557,21329
1,20808,1.4,21105
1.01,21393,1.607,21708
0.997,21286,1.69,21552
0.987,23746,1.7,23554
0.983,25878,1.707,25214
1.017,21468,1.3,19481
1.017,22213,1.25,22772
1.017,21835,1.32,22238
1.007,21979,1.48,22350
0.997,21961,1.697,22193
1.013,22162,1.38,22401
1.013,22009,1.443,22291
0.987,21989,1.687,22373
0.997,22035,1.587,22456
0.97,22095,1.427,22481
1.023,22531,1.363,22787
0.997,22193,1.313,22681
0.997,22359,1.723,22516
0.983,22513,1.707,22777
0.977,22133,1.703,22567
1,23001,1.533,23096
1.01,22474,1.273,22840
1.017,22481,1.347,22737
0.993,22555,1.373,22932
0.987,22554,1.657,22890
0.957,22472.0,1.64,22776.0
0.99,22022.0,1.71,22384.0
1.003,22342.0,1.293,22742.0
1.007,22323.0,1.273,22672.0
0.983,22450.0,1.593,22700.0
0.997,22349.0,1.66,22545.0
0.977,22329.0,1.647,22521.0
0.997,22294.0,1.363,22712.0
1.027,22157.0,1.29,22571.0
0.983,22226.0,1.68,22612.0
0.997,21442.0,1.643,21877.0
0.983,21894.0,1.71,22085.0
0.983,21967.0,1.747,22149.0
0.983,22014.0,1.397,22159.0
1.013,22397.0,1.303,22709.0
0.987,22017.0,1.73,22357.0
0.973,22233.0,1.453,22548.0
0.99,25344.0,1.437,26433.0
0.993,23099.0,1.71,23339.0
0.973,21908.0,1.733,22242.0
0.98,22145.0,1.713,22951.0
0.997,23274.0,1.727,21387.0
1.007,22675.0,1.373,22274.0
0.993,22643.0,1.437,22346.0
0.983,20803.0,1.68,21095.0
1.0,21663.0,1.713,21568.0
0.983,22591.0,1.423,22016.0
1.023,22094.0,1.33,21587.0
0.993,21047.0,1.743,20984.0
1.017,23035.0,1.287,22760.0
0.98,22410.0,1.653,22410.0
0.967,20299.0,1.64,20420.0
0.987,20110.0,1.697,20355.0
0.983,20547.0,1.503,19672.0
0.983,19671.0,1.707,20378.0
0.973,20287.0,1.467,19678.0
0.967,19944.0,1.457,19575.0
0.99,19842.0,1.72,19478.0
0.983,19690.0,1.753,19644.0
0.997,20208.0,1.72,19378.0
1.013,20101.0,1.36,19570.0
0.993,19540.0,1.53,19578.0
1.017,19870.0,1.36,19834.0
1.0,19832.0,1.457,19762.0
0.977,19970.0,1.707,19958.0
0.99,19599.0,1.703,19283.0
0.993,19878.0,1.72,19933.0
0.997,20403.0,1.723,20186.0
0.98,19980.0,1.307,19989.0
1.0,20174.0,1.757,20030.0
0.997,19853.0,1.707,19226.0
0.993,20033.0,1.387,20067.0
0.98,20085.0,1.607,19940.0
